sabahat 166055 -1.07374e+008 2 -1.07374e+008 -1.07374e+008 -1.07374e+008 3.6 22 -1.07374e+008 -1.07374e+008 -1.07374e+008 -1.07374e+008 -1.07374e+008 -1.07374e+008 -1.07374e+008 -1.07374e+008 -1.07374e+008 -1.07374e+008 -1.07374e+008 -1.07374e+008 -1.07374e+008 -1.07374e+008 -1.07374e+008 -1.07374e+008 -1.07374e+008 -1.07374e+008 -1.07374e+008 -1.07374e+008 -1.07374e+008 -1.07374e+008 -1.07374e+008
raj 166055 -1.07374e+008 2 -1.07374e+008 -1.07374e+008 -1.07374e+008 3.6 22 -1.07374e+008 -1.07374e+008 -1.07374e+008 -1.07374e+008 -1.07374e+008 -1.07374e+008 -1.07374e+008 -1.07374e+008 -1.07374e+008 -1.07374e+008 -1.07374e+008 -1.07374e+008 -1.07374e+008 -1.07374e+008 -1.07374e+008 -1.07374e+008 -1.07374e+008 -1.07374e+008 -1.07374e+008 -1.07374e+008 -1.07374e+008 -1.07374e+008 -1.07374e+008
noormah 166040 -1.07374e+008 2 -1.07374e+008 -1.07374e+008 -1.07374e+008 3.6 22 -1.07374e+008 -1.07374e+008 -1.07374e+008 -1.07374e+008 -1.07374e+008 -1.07374e+008 -1.07374e+008 -1.07374e+008 -1.07374e+008 -1.07374e+008 -1.07374e+008 -1.07374e+008 -1.07374e+008 -1.07374e+008 -1.07374e+008 -1.07374e+008 -1.07374e+008 -1.07374e+008 -1.07374e+008 -1.07374e+008 -1.07374e+008 -1.07374e+008 -1.07374e+008
laiba 166117 -1.07374e+008 2 -1.07374e+008 -1.07374e+008 -1.07374e+008 3.6 22 -1.07374e+008 -1.07374e+008 -1.07374e+008 -1.07374e+008 -1.07374e+008 -1.07374e+008 -1.07374e+008 -1.07374e+008 -1.07374e+008 -1.07374e+008 -1.07374e+008 -1.07374e+008 -1.07374e+008 -1.07374e+008 -1.07374e+008 -1.07374e+008 -1.07374e+008 -1.07374e+008 -1.07374e+008 -1.07374e+008 -1.07374e+008 -1.07374e+008 -1.07374e+008
amna 166107 -1.07374e+008 2 -1.07374e+008 -1.07374e+008 -1.07374e+008 3.6 22 -1.07374e+008 -1.07374e+008 -1.07374e+008 -1.07374e+008 -1.07374e+008 -1.07374e+008 -1.07374e+008 -1.07374e+008 -1.07374e+008 -1.07374e+008 -1.07374e+008 -1.07374e+008 -1.07374e+008 -1.07374e+008 -1.07374e+008 -1.07374e+008 -1.07374e+008 -1.07374e+008 -1.07374e+008 -1.07374e+008 -1.07374e+008 -1.07374e+008 -1.07374e+008
aneeela 166080 -1.07374e+008 2 -1.07374e+008 -1.07374e+008 -1.07374e+008 3.6 22 -1.07374e+008 -1.07374e+008 -1.07374e+008 -1.07374e+008 -1.07374e+008 -1.07374e+008 -1.07374e+008 -1.07374e+008 -1.07374e+008 -1.07374e+008 -1.07374e+008 -1.07374e+008 -1.07374e+008 -1.07374e+008 -1.07374e+008 -1.07374e+008 -1.07374e+008 -1.07374e+008 -1.07374e+008 -1.07374e+008 -1.07374e+008 -1.07374e+008 -1.07374e+008
saba 166059 -1.07374e+008 2 -1.07374e+008 -1.07374e+008 -1.07374e+008 3.6 22 -1.07374e+008 -1.07374e+008 -1.07374e+008 -1.07374e+008 -1.07374e+008 -1.07374e+008 -1.07374e+008 -1.07374e+008 -1.07374e+008 -1.07374e+008 -1.07374e+008 -1.07374e+008 -1.07374e+008 -1.07374e+008 -1.07374e+008 -1.07374e+008 -1.07374e+008 -1.07374e+008 -1.07374e+008 -1.07374e+008 -1.07374e+008 -1.07374e+008 -1.07374e+008
rameen 166050 -1.07374e+008 2 -1.07374e+008 -1.07374e+008 -1.07374e+008 3.6 22 -1.07374e+008 -1.07374e+008 -1.07374e+008 -1.07374e+008 -1.07374e+008 -1.07374e+008 -1.07374e+008 -1.07374e+008 -1.07374e+008 -1.07374e+008 -1.07374e+008 -1.07374e+008 -1.07374e+008 -1.07374e+008 -1.07374e+008 -1.07374e+008 -1.07374e+008 -1.07374e+008 -1.07374e+008 -1.07374e+008 -1.07374e+008 -1.07374e+008 -1.07374e+008
noor 166041 -1.07374e+008 2 -1.07374e+008 -1.07374e+008 -1.07374e+008 3.6 22 -1.07374e+008 -1.07374e+008 -1.07374e+008 -1.07374e+008 -1.07374e+008 -1.07374e+008 -1.07374e+008 -1.07374e+008 -1.07374e+008 -1.07374e+008 -1.07374e+008 -1.07374e+008 -1.07374e+008 -1.07374e+008 -1.07374e+008 -1.07374e+008 -1.07374e+008 -1.07374e+008 -1.07374e+008 -1.07374e+008 -1.07374e+008 -1.07374e+008 -1.07374e+008
laraib 166118 -1.07374e+008 2 -1.07374e+008 -1.07374e+008 -1.07374e+008 3.6 22 -1.07374e+008 -1.07374e+008 -1.07374e+008 -1.07374e+008 -1.07374e+008 -1.07374e+008 -1.07374e+008 -1.07374e+008 -1.07374e+008 -1.07374e+008 -1.07374e+008 -1.07374e+008 -1.07374e+008 -1.07374e+008 -1.07374e+008 -1.07374e+008 -1.07374e+008 -1.07374e+008 -1.07374e+008 -1.07374e+008 -1.07374e+008 -1.07374e+008 -1.07374e+008
anab 166109 -1.07374e+008 2 -1.07374e+008 -1.07374e+008 -1.07374e+008 3.6 22 -1.07374e+008 -1.07374e+008 -1.07374e+008 -1.07374e+008 -1.07374e+008 -1.07374e+008 -1.07374e+008 -1.07374e+008 -1.07374e+008 -1.07374e+008 -1.07374e+008 -1.07374e+008 -1.07374e+008 -1.07374e+008 -1.07374e+008 -1.07374e+008 -1.07374e+008 -1.07374e+008 -1.07374e+008 -1.07374e+008 -1.07374e+008 -1.07374e+008 -1.07374e+008
aneeelam 166083 -1.07374e+008 2 -1.07374e+008 -1.07374e+008 -1.07374e+008 3.6 22 -1.07374e+008 -1.07374e+008 -1.07374e+008 -1.07374e+008 -1.07374e+008 -1.07374e+008 -1.07374e+008 -1.07374e+008 -1.07374e+008 -1.07374e+008 -1.07374e+008 -1.07374e+008 -1.07374e+008 -1.07374e+008 -1.07374e+008 -1.07374e+008 -1.07374e+008 -1.07374e+008 -1.07374e+008 -1.07374e+008 -1.07374e+008 -1.07374e+008 -1.07374e+008
saman 166054 -1.07374e+008 22 -1.07374e+008 -1.07374e+008 -1.07374e+008 3.6 22 -1.07374e+008 -1.07374e+008 -1.07374e+008 -1.07374e+008 -1.07374e+008 -1.07374e+008 -1.07374e+008 -1.07374e+008 -1.07374e+008 -1.07374e+008 -1.07374e+008 -1.07374e+008 -1.07374e+008 -1.07374e+008 -1.07374e+008 -1.07374e+008 -1.07374e+008 -1.07374e+008 -1.07374e+008 -1.07374e+008 -1.07374e+008 -1.07374e+008 -1.07374e+008
rafia 166052 -1.07374e+008 2 -1.07374e+008 -1.07374e+008 -1.07374e+008 3.6 22 -1.07374e+008 -1.07374e+008 -1.07374e+008 -1.07374e+008 -1.07374e+008 -1.07374e+008 -1.07374e+008 -1.07374e+008 -1.07374e+008 -1.07374e+008 -1.07374e+008 -1.07374e+008 -1.07374e+008 -1.07374e+008 -1.07374e+008 -1.07374e+008 -1.07374e+008 -1.07374e+008 -1.07374e+008 -1.07374e+008 -1.07374e+008 -1.07374e+008 -1.07374e+008
noorae 166045 -1.07374e+008 2 -1.07374e+008 -1.07374e+008 -1.07374e+008 3.6 22 -1.07374e+008 -1.07374e+008 -1.07374e+008 -1.07374e+008 -1.07374e+008 -1.07374e+008 -1.07374e+008 -1.07374e+008 -1.07374e+008 -1.07374e+008 -1.07374e+008 -1.07374e+008 -1.07374e+008 -1.07374e+008 -1.07374e+008 -1.07374e+008 -1.07374e+008 -1.07374e+008 -1.07374e+008 -1.07374e+008 -1.07374e+008 -1.07374e+008 -1.07374e+008
fajar 166119 -1.07374e+008 2 -1.07374e+008 -1.07374e+008 -1.07374e+008 3.6 22 -1.07374e+008 -1.07374e+008 -1.07374e+008 -1.07374e+008 -1.07374e+008 -1.07374e+008 -1.07374e+008 -1.07374e+008 -1.07374e+008 -1.07374e+008 -1.07374e+008 -1.07374e+008 -1.07374e+008 -1.07374e+008 -1.07374e+008 -1.07374e+008 -1.07374e+008 -1.07374e+008 -1.07374e+008 -1.07374e+008 -1.07374e+008 -1.07374e+008 -1.07374e+008
zara 166101 -1.07374e+008 2 -1.07374e+008 -1.07374e+008 -1.07374e+008 3.6 22 -1.07374e+008 -1.07374e+008 -1.07374e+008 -1.07374e+008 -1.07374e+008 -1.07374e+008 -1.07374e+008 -1.07374e+008 -1.07374e+008 -1.07374e+008 -1.07374e+008 -1.07374e+008 -1.07374e+008 -1.07374e+008 -1.07374e+008 -1.07374e+008 -1.07374e+008 -1.07374e+008 -1.07374e+008 -1.07374e+008 -1.07374e+008 -1.07374e+008 -1.07374e+008
nadia 166084 -1.07374e+008 2 -1.07374e+008 -1.07374e+008 -1.07374e+008 3.6 22 -1.07374e+008 -1.07374e+008 -1.07374e+008 -1.07374e+008 -1.07374e+008 -1.07374e+008 -1.07374e+008 -1.07374e+008 -1.07374e+008 -1.07374e+008 -1.07374e+008 -1.07374e+008 -1.07374e+008 -1.07374e+008 -1.07374e+008 -1.07374e+008 -1.07374e+008 -1.07374e+008 -1.07374e+008 -1.07374e+008 -1.07374e+008 -1.07374e+008 -1.07374e+008
sabaha 166057 -1.07374e+008 2 -1.07374e+008 -1.07374e+008 -1.07374e+008 3.6 22 -1.07374e+008 -1.07374e+008 -1.07374e+008 -1.07374e+008 -1.07374e+008 -1.07374e+008 -1.07374e+008 -1.07374e+008 -1.07374e+008 -1.07374e+008 -1.07374e+008 -1.07374e+008 -1.07374e+008 -1.07374e+008 -1.07374e+008 -1.07374e+008 -1.07374e+008 -1.07374e+008 -1.07374e+008 -1.07374e+008 -1.07374e+008 -1.07374e+008 -1.07374e+008
rajan 166050 -1.07374e+008 2 -1.07374e+008 -1.07374e+008 -1.07374e+008 3.6 22 -1.07374e+008 -1.07374e+008 -1.07374e+008 -1.07374e+008 -1.07374e+008 -1.07374e+008 -1.07374e+008 -1.07374e+008 -1.07374e+008 -1.07374e+008 -1.07374e+008 -1.07374e+008 -1.07374e+008 -1.07374e+008 -1.07374e+008 -1.07374e+008 -1.07374e+008 -1.07374e+008 -1.07374e+008 -1.07374e+008 -1.07374e+008 -1.07374e+008 -1.07374e+008
noormal 166048 -1.07374e+008 2 -1.07374e+008 -1.07374e+008 -1.07374e+008 3.6 22 -1.07374e+008 -1.07374e+008 -1.07374e+008 -1.07374e+008 -1.07374e+008 -1.07374e+008 -1.07374e+008 -1.07374e+008 -1.07374e+008 -1.07374e+008 -1.07374e+008 -1.07374e+008 -1.07374e+008 -1.07374e+008 -1.07374e+008 -1.07374e+008 -1.07374e+008 -1.07374e+008 -1.07374e+008 -1.07374e+008 -1.07374e+008 -1.07374e+008 -1.07374e+008
rana 166120 -1.07374e+008 2 -1.07374e+008 -1.07374e+008 -1.07374e+008 3.6 22 -1.07374e+008 -1.07374e+008 -1.07374e+008 -1.07374e+008 -1.07374e+008 -1.07374e+008 -1.07374e+008 -1.07374e+008 -1.07374e+008 -1.07374e+008 -1.07374e+008 -1.07374e+008 -1.07374e+008 -1.07374e+008 -1.07374e+008 -1.07374e+008 -1.07374e+008 -1.07374e+008 -1.07374e+008 -1.07374e+008 -1.07374e+008 -1.07374e+008 -1.07374e+008
aayat 166117 -1.07374e+008 22 -1.07374e+008 -1.07374e+008 -1.07374e+008 3.6 22 -1.07374e+008 -1.07374e+008 -1.07374e+008 -1.07374e+008 -1.07374e+008 -1.07374e+008 -1.07374e+008 -1.07374e+008 -1.07374e+008 -1.07374e+008 -1.07374e+008 -1.07374e+008 -1.07374e+008 -1.07374e+008 -1.07374e+008 -1.07374e+008 -1.07374e+008 -1.07374e+008 -1.07374e+008 -1.07374e+008 -1.07374e+008 -1.07374e+008 -1.07374e+008
fatima 166079 -1.07374e+008 2 -1.07374e+008 -1.07374e+008 -1.07374e+008 3.6 22 -1.07374e+008 -1.07374e+008 -1.07374e+008 -1.07374e+008 -1.07374e+008 -1.07374e+008 -1.07374e+008 -1.07374e+008 -1.07374e+008 -1.07374e+008 -1.07374e+008 -1.07374e+008 -1.07374e+008 -1.07374e+008 -1.07374e+008 -1.07374e+008 -1.07374e+008 -1.07374e+008 -1.07374e+008 -1.07374e+008 -1.07374e+008 -1.07374e+008 -1.07374e+008
saira 166066 -1.07374e+008 2 -1.07374e+008 -1.07374e+008 -1.07374e+008 3.6 22 -1.07374e+008 -1.07374e+008 -1.07374e+008 -1.07374e+008 -1.07374e+008 -1.07374e+008 -1.07374e+008 -1.07374e+008 -1.07374e+008 -1.07374e+008 -1.07374e+008 -1.07374e+008 -1.07374e+008 -1.07374e+008 -1.07374e+008 -1.07374e+008 -1.07374e+008 -1.07374e+008 -1.07374e+008 -1.07374e+008 -1.07374e+008 -1.07374e+008 -1.07374e+008
raja 166067 -1.07374e+008 2 -1.07374e+008 -1.07374e+008 -1.07374e+008 3.6 22 -1.07374e+008 -1.07374e+008 -1.07374e+008 -1.07374e+008 -1.07374e+008 -1.07374e+008 -1.07374e+008 -1.07374e+008 -1.07374e+008 -1.07374e+008 -1.07374e+008 -1.07374e+008 -1.07374e+008 -1.07374e+008 -1.07374e+008 -1.07374e+008 -1.07374e+008 -1.07374e+008 -1.07374e+008 -1.07374e+008 -1.07374e+008 -1.07374e+008 -1.07374e+008
noorah 166039 -1.07374e+008 2 -1.07374e+008 -1.07374e+008 -1.07374e+008 3.6 22 -1.07374e+008 -1.07374e+008 -1.07374e+008 -1.07374e+008 -1.07374e+008 -1.07374e+008 -1.07374e+008 -1.07374e+008 -1.07374e+008 -1.07374e+008 -1.07374e+008 -1.07374e+008 -1.07374e+008 -1.07374e+008 -1.07374e+008 -1.07374e+008 -1.07374e+008 -1.07374e+008 -1.07374e+008 -1.07374e+008 -1.07374e+008 -1.07374e+008 -1.07374e+008
faiza 166120 -1.07374e+008 2 -1.07374e+008 -1.07374e+008 -1.07374e+008 3.6 22 -1.07374e+008 -1.07374e+008 -1.07374e+008 -1.07374e+008 -1.07374e+008 -1.07374e+008 -1.07374e+008 -1.07374e+008 -1.07374e+008 -1.07374e+008 -1.07374e+008 -1.07374e+008 -1.07374e+008 -1.07374e+008 -1.07374e+008 -1.07374e+008 -1.07374e+008 -1.07374e+008 -1.07374e+008 -1.07374e+008 -1.07374e+008 -1.07374e+008 -1.07374e+008
amnan 166121 -1.07374e+008 2 -1.07374e+008 -1.07374e+008 -1.07374e+008 3.6 22 -1.07374e+008 -1.07374e+008 -1.07374e+008 -1.07374e+008 -1.07374e+008 -1.07374e+008 -1.07374e+008 -1.07374e+008 -1.07374e+008 -1.07374e+008 -1.07374e+008 -1.07374e+008 -1.07374e+008 -1.07374e+008 -1.07374e+008 -1.07374e+008 -1.07374e+008 -1.07374e+008 -1.07374e+008 -1.07374e+008 -1.07374e+008 -1.07374e+008 -1.07374e+008
aneel 166022 -1.07374e+008 2 -1.07374e+008 -1.07374e+008 -1.07374e+008 3.6 22 -1.07374e+008 -1.07374e+008 -1.07374e+008 -1.07374e+008 -1.07374e+008 -1.07374e+008 -1.07374e+008 -1.07374e+008 -1.07374e+008 -1.07374e+008 -1.07374e+008 -1.07374e+008 -1.07374e+008 -1.07374e+008 -1.07374e+008 -1.07374e+008 -1.07374e+008 -1.07374e+008 -1.07374e+008 -1.07374e+008 -1.07374e+008 -1.07374e+008 -1.07374e+008
sadia 166023 -1.07374e+008 2 -1.07374e+008 -1.07374e+008 -1.07374e+008 3.6 22 -1.07374e+008 -1.07374e+008 -1.07374e+008 -1.07374e+008 -1.07374e+008 -1.07374e+008 -1.07374e+008 -1.07374e+008 -1.07374e+008 -1.07374e+008 -1.07374e+008 -1.07374e+008 -1.07374e+008 -1.07374e+008 -1.07374e+008 -1.07374e+008 -1.07374e+008 -1.07374e+008 -1.07374e+008 -1.07374e+008 -1.07374e+008 -1.07374e+008 -1.07374e+008
rajab 166024 -1.07374e+008 2 -1.07374e+008 -1.07374e+008 -1.07374e+008 3.6 22 -1.07374e+008 -1.07374e+008 -1.07374e+008 -1.07374e+008 -1.07374e+008 -1.07374e+008 -1.07374e+008 -1.07374e+008 -1.07374e+008 -1.07374e+008 -1.07374e+008 -1.07374e+008 -1.07374e+008 -1.07374e+008 -1.07374e+008 -1.07374e+008 -1.07374e+008 -1.07374e+008 -1.07374e+008 -1.07374e+008 -1.07374e+008 -1.07374e+008 -1.07374e+008
noohar 166026 -1.07374e+008 2 -1.07374e+008 -1.07374e+008 -1.07374e+008 3.6 22 -1.07374e+008 -1.07374e+008 -1.07374e+008 -1.07374e+008 -1.07374e+008 -1.07374e+008 -1.07374e+008 -1.07374e+008 -1.07374e+008 -1.07374e+008 -1.07374e+008 -1.07374e+008 -1.07374e+008 -1.07374e+008 -1.07374e+008 -1.07374e+008 -1.07374e+008 -1.07374e+008 -1.07374e+008 -1.07374e+008 -1.07374e+008 -1.07374e+008 -1.07374e+008
laiban 166125 -1.07374e+008 2 -1.07374e+008 -1.07374e+008 -1.07374e+008 3.6 22 -1.07374e+008 -1.07374e+008 -1.07374e+008 -1.07374e+008 -1.07374e+008 -1.07374e+008 -1.07374e+008 -1.07374e+008 -1.07374e+008 -1.07374e+008 -1.07374e+008 -1.07374e+008 -1.07374e+008 -1.07374e+008 -1.07374e+008 -1.07374e+008 -1.07374e+008 -1.07374e+008 -1.07374e+008 -1.07374e+008 -1.07374e+008 -1.07374e+008 -1.07374e+008
amnam 166127 -1.07374e+008 2 -1.07374e+008 -1.07374e+008 -1.07374e+008 3.6 22 -1.07374e+008 -1.07374e+008 -1.07374e+008 -1.07374e+008 -1.07374e+008 -1.07374e+008 -1.07374e+008 -1.07374e+008 -1.07374e+008 -1.07374e+008 -1.07374e+008 -1.07374e+008 -1.07374e+008 -1.07374e+008 -1.07374e+008 -1.07374e+008 -1.07374e+008 -1.07374e+008 -1.07374e+008 -1.07374e+008 -1.07374e+008 -1.07374e+008 -1.07374e+008
aneem 166028 -1.07374e+008 2 -1.07374e+008 -1.07374e+008 -1.07374e+008 3.6 22 -1.07374e+008 -1.07374e+008 -1.07374e+008 -1.07374e+008 -1.07374e+008 -1.07374e+008 -1.07374e+008 -1.07374e+008 -1.07374e+008 -1.07374e+008 -1.07374e+008 -1.07374e+008 -1.07374e+008 -1.07374e+008 -1.07374e+008 -1.07374e+008 -1.07374e+008 -1.07374e+008 -1.07374e+008 -1.07374e+008 -1.07374e+008 -1.07374e+008 -1.07374e+008
saman 166029 -1.07374e+008 2 -1.07374e+008 -1.07374e+008 -1.07374e+008 3.6 22 -1.07374e+008 -1.07374e+008 -1.07374e+008 -1.07374e+008 -1.07374e+008 -1.07374e+008 -1.07374e+008 -1.07374e+008 -1.07374e+008 -1.07374e+008 -1.07374e+008 -1.07374e+008 -1.07374e+008 -1.07374e+008 -1.07374e+008 -1.07374e+008 -1.07374e+008 -1.07374e+008 -1.07374e+008 -1.07374e+008 -1.07374e+008 -1.07374e+008 -1.07374e+008
raida 166030 -1.07374e+008 2 -1.07374e+008 -1.07374e+008 -1.07374e+008 3.6 22 -1.07374e+008 -1.07374e+008 -1.07374e+008 -1.07374e+008 -1.07374e+008 -1.07374e+008 -1.07374e+008 -1.07374e+008 -1.07374e+008 -1.07374e+008 -1.07374e+008 -1.07374e+008 -1.07374e+008 -1.07374e+008 -1.07374e+008 -1.07374e+008 -1.07374e+008 -1.07374e+008 -1.07374e+008 -1.07374e+008 -1.07374e+008 -1.07374e+008 -1.07374e+008
naila 166031 -1.07374e+008 2 -1.07374e+008 -1.07374e+008 -1.07374e+008 3.6 22 -1.07374e+008 -1.07374e+008 -1.07374e+008 -1.07374e+008 -1.07374e+008 -1.07374e+008 -1.07374e+008 -1.07374e+008 -1.07374e+008 -1.07374e+008 -1.07374e+008 -1.07374e+008 -1.07374e+008 -1.07374e+008 -1.07374e+008 -1.07374e+008 -1.07374e+008 -1.07374e+008 -1.07374e+008 -1.07374e+008 -1.07374e+008 -1.07374e+008 -1.07374e+008
haiba 166132 -1.07374e+008 2 -1.07374e+008 -1.07374e+008 -1.07374e+008 3.6 22 -1.07374e+008 -1.07374e+008 -1.07374e+008 -1.07374e+008 -1.07374e+008 -1.07374e+008 -1.07374e+008 -1.07374e+008 -1.07374e+008 -1.07374e+008 -1.07374e+008 -1.07374e+008 -1.07374e+008 -1.07374e+008 -1.07374e+008 -1.07374e+008 -1.07374e+008 -1.07374e+008 -1.07374e+008 -1.07374e+008 -1.07374e+008 -1.07374e+008 -1.07374e+008
hamna 166133 -1.07374e+008 2 -1.07374e+008 -1.07374e+008 -1.07374e+008 3.6 22 -1.07374e+008 -1.07374e+008 -1.07374e+008 -1.07374e+008 -1.07374e+008 -1.07374e+008 -1.07374e+008 -1.07374e+008 -1.07374e+008 -1.07374e+008 -1.07374e+008 -1.07374e+008 -1.07374e+008 -1.07374e+008 -1.07374e+008 -1.07374e+008 -1.07374e+008 -1.07374e+008 -1.07374e+008 -1.07374e+008 -1.07374e+008 -1.07374e+008 -1.07374e+008
haneeela 166034 -1.07374e+008 2 -1.07374e+008 -1.07374e+008 -1.07374e+008 3.6 22 -1.07374e+008 -1.07374e+008 -1.07374e+008 -1.07374e+008 -1.07374e+008 -1.07374e+008 -1.07374e+008 -1.07374e+008 -1.07374e+008 -1.07374e+008 -1.07374e+008 -1.07374e+008 -1.07374e+008 -1.07374e+008 -1.07374e+008 -1.07374e+008 -1.07374e+008 -1.07374e+008 -1.07374e+008 -1.07374e+008 -1.07374e+008 -1.07374e+008 -1.07374e+008
salia 166035 -1.07374e+008 2 -1.07374e+008 -1.07374e+008 -1.07374e+008 3.6 22 -1.07374e+008 -1.07374e+008 -1.07374e+008 -1.07374e+008 -1.07374e+008 -1.07374e+008 -1.07374e+008 -1.07374e+008 -1.07374e+008 -1.07374e+008 -1.07374e+008 -1.07374e+008 -1.07374e+008 -1.07374e+008 -1.07374e+008 -1.07374e+008 -1.07374e+008 -1.07374e+008 -1.07374e+008 -1.07374e+008 -1.07374e+008 -1.07374e+008 -1.07374e+008
rawaq 166036 -1.07374e+008 2 -1.07374e+008 -1.07374e+008 -1.07374e+008 3.6 22 -1.07374e+008 -1.07374e+008 -1.07374e+008 -1.07374e+008 -1.07374e+008 -1.07374e+008 -1.07374e+008 -1.07374e+008 -1.07374e+008 -1.07374e+008 -1.07374e+008 -1.07374e+008 -1.07374e+008 -1.07374e+008 -1.07374e+008 -1.07374e+008 -1.07374e+008 -1.07374e+008 -1.07374e+008 -1.07374e+008 -1.07374e+008 -1.07374e+008 -1.07374e+008
noo 166037 -1.07374e+008 2 -1.07374e+008 -1.07374e+008 -1.07374e+008 3.6 22 -1.07374e+008 -1.07374e+008 -1.07374e+008 -1.07374e+008 -1.07374e+008 -1.07374e+008 -1.07374e+008 -1.07374e+008 -1.07374e+008 -1.07374e+008 -1.07374e+008 -1.07374e+008 -1.07374e+008 -1.07374e+008 -1.07374e+008 -1.07374e+008 -1.07374e+008 -1.07374e+008 -1.07374e+008 -1.07374e+008 -1.07374e+008 -1.07374e+008 -1.07374e+008
laib 166138 -1.07374e+008 22 -1.07374e+008 -1.07374e+008 -1.07374e+008 3.6 22 -1.07374e+008 -1.07374e+008 -1.07374e+008 -1.07374e+008 -1.07374e+008 -1.07374e+008 -1.07374e+008 -1.07374e+008 -1.07374e+008 -1.07374e+008 -1.07374e+008 -1.07374e+008 -1.07374e+008 -1.07374e+008 -1.07374e+008 -1.07374e+008 -1.07374e+008 -1.07374e+008 -1.07374e+008 -1.07374e+008 -1.07374e+008 -1.07374e+008 -1.07374e+008
aman 166139 -1.07374e+008 2 -1.07374e+008 -1.07374e+008 -1.07374e+008 3.6 22 -1.07374e+008 -1.07374e+008 -1.07374e+008 -1.07374e+008 -1.07374e+008 -1.07374e+008 -1.07374e+008 -1.07374e+008 -1.07374e+008 -1.07374e+008 -1.07374e+008 -1.07374e+008 -1.07374e+008 -1.07374e+008 -1.07374e+008 -1.07374e+008 -1.07374e+008 -1.07374e+008 -1.07374e+008 -1.07374e+008 -1.07374e+008 -1.07374e+008 -1.07374e+008
aneeelam 166040 -1.07374e+008 22 -1.07374e+008 -1.07374e+008 -1.07374e+008 3.6 22 -1.07374e+008 -1.07374e+008 -1.07374e+008 -1.07374e+008 -1.07374e+008 -1.07374e+008 -1.07374e+008 -1.07374e+008 -1.07374e+008 -1.07374e+008 -1.07374e+008 -1.07374e+008 -1.07374e+008 -1.07374e+008 -1.07374e+008 -1.07374e+008 -1.07374e+008 -1.07374e+008 -1.07374e+008 -1.07374e+008 -1.07374e+008 -1.07374e+008 -1.07374e+008
aneeelam 166040 -1.07374e+008 2 -1.07374e+008 -1.07374e+008 -1.07374e+008 3.6 22 -1.07374e+008 -1.07374e+008 -1.07374e+008 -1.07374e+008 -1.07374e+008 -1.07374e+008 -1.07374e+008 -1.07374e+008 -1.07374e+008 -1.07374e+008 -1.07374e+008 -1.07374e+008 -1.07374e+008 -1.07374e+008 -1.07374e+008 -1.07374e+008 -1.07374e+008 -1.07374e+008 -1.07374e+008 -1.07374e+008 -1.07374e+008 -1.07374e+008 -1.07374e+008
 -858993460 -1.07374e+008 2 -1.07374e+008 -1.07374e+008 -1.07374e+008 3.6 22 -1.07374e+008 -1.07374e+008 -1.07374e+008 -1.07374e+008 -1.07374e+008 -1.07374e+008 -1.07374e+008 -1.07374e+008 -1.07374e+008 -1.07374e+008 -1.07374e+008 -1.07374e+008 -1.07374e+008 -1.07374e+008 -1.07374e+008 -1.07374e+008 -1.07374e+008 -1.07374e+008 -1.07374e+008 -1.07374e+008 -1.07374e+008 -1.07374e+008 -1.07374e+008
